0,icmp,eco_i,SF,18,0,0,0,0,0,0,0,0,0,0,0,0,0,0,0,0,0,1,1,0.00,0.00,0.00,0.00,1.00,0.00,0.00,1,61,1.00,0.00,1.00,1.00,0.00,0.00,0.00,0.00,ipsweep.
0,icmp,eco_i,SF,18,0,0,0,0,0,0,0,0,0,0,0,0,0,0,0,0,0,1,1,0.00,0.00,0.00,0.00,1.00,0.00,0.00,1,71,1.00,0.00,1.00,1.00,0.00,0.00,0.00,0.00,ipsweep.
49,tcp,telnet,SF,2402,3939,0,0,0,4,0,1,2,1,0,0,0,0,0,0,0,0,1,1,0.00,0.00,0.00,0.00,1.00,0.00,0.00,1,2,1.00,0.00,1.00,1.00,0.00,0.00,0.00,0.00,buffer_overflow.
0,icmp,eco_i,SF,18,0,0,0,0,0,0,0,0,0,0,0,0,0,0,0,0,0,1,1,0.00,0.00,0.00,0.00,1.00,0.00,0.00,2,80,0.50,1.00,0.50,1.00,0.00,0.00,0.00,0.00,ipsweep.
0,tcp,smtp,SF,687,386,0,0,0,0,0,1,0,0,0,0,0,0,0,0,0,0,1,2,0.00,0.00,0.00,0.00,1.00,0.00,1.00,12,147,0.67,0.33,0.08,0.01,0.00,0.00,0.00,0.00,normal.
0,tcp,private,S0,0,0,0,0,0,0,0,0,0,0,0,0,0,0,0,0,0,0,129,12,1.00,1.00,0.00,0.00,0.09,0.07,0.00,255,12,0.05,0.08,0.00,0.00,1.00,1.00,0.00,0.00,neptune.
0,tcp,private,S0,0,0,0,0,0,0,0,0,0,0,0,0,0,0,0,0,0,0,138,2,1.00,1.00,0.00,0.00,0.01,0.07,0.00,255,2,0.01,0.07,0.00,0.00,1.00,1.00,0.00,0.00,neptune.
0,tcp,private,S0,0,0,0,0,0,0,0,0,0,0,0,0,0,0,0,0,0,0,147,1,1.00,1.00,0.00,0.00,0.01,0.07,0.00,255,1,0.00,0.08,0.00,0.00,1.00,1.00,0.00,0.00,neptune.
0,tcp,private,S0,0,0,0,0,0,0,0,0,0,0,0,0,0,0,0,0,0,0,111,3,1.00,1.00,0.00,0.00,0.03,0.06,0.00,255,1,0.00,0.08,0.00,0.00,1.00,1.00,0.00,0.00,neptune.
0,tcp,private,S0,0,0,0,0,0,0,0,0,0,0,0,0,0,0,0,0,0,0,166,5,1.00,1.00,0.00,0.00,0.03,0.07,0.00,255,5,0.02,0.09,0.00,0.00,1.00,1.00,0.00,0.00,neptune.
0,tcp,private,S0,0,0,0,0,0,0,0,0,0,0,0,0,0,0,0,0,0,0,175,15,1.00,1.00,0.00,0.00,0.09,0.07,0.00,255,15,0.06,0.09,0.00,0.00,1.00,1.00,0.00,0.00,neptune.
0,tcp,private,S0,0,0,0,0,0,0,0,0,0,0,0,0,0,0,0,0,0,0,184,14,1.00,1.00,0.00,0.00,0.08,0.07,0.00,255,14,0.05,0.08,0.00,0.00,1.00,1.00,0.00,0.00,neptune.
0,tcp,private,S0,0,0,0,0,0,0,0,0,0,0,0,0,0,0,0,0,0,0,193,20,1.00,1.00,0.00,0.00,0.10,0.06,0.00,255,20,0.08,0.08,0.00,0.00,1.00,1.00,0.00,0.00,neptune.
0,tcp,private,S0,0,0,0,0,0,0,0,0,0,0,0,0,0,0,0,0,0,0,152,5,1.00,1.00,0.00,0.00,0.03,0.07,0.00,255,5,0.02,0.09,0.00,0.00,1.00,1.00,0.00,0.00,neptune.
0,tcp,private,S0,0,0,0,0,0,0,0,0,0,0,0,0,0,0,0,0,0,0,161,9,1.00,1.00,0.00,0.00,0.06,0.07,0.00,255,9,0.04,0.09,0.00,0.00,1.00,1.00,0.00,0.00,neptune.
0,tcp,private,S0,0,0,0,0,0,0,0,0,0,0,0,0,0,0,0,0,0,0,170,3,1.00,1.00,0.00,0.00,0.02,0.07,0.00,255,3,0.01,0.09,0.00,0.00,1.00,1.00,0.00,0.00,neptune.
0,tcp,private,S0,0,0,0,0,0,0,0,0,0,0,0,0,0,0,0,0,0,0,179,7,1.00,1.00,0.00,0.00,0.04,0.07,0.00,255,7,0.03,0.09,0.00,0.00,1.00,1.00,0.00,0.00,neptune.
0,tcp,private,S0,0,0,0,0,0,0,0,0,0,0,0,0,0,0,0,0,0,0,188,12,1.00,1.00,0.00,0.00,0.06,0.07,0.00,255,12,0.05,0.09,0.00,0.00,1.00,1.00,0.00,0.00,neptune.
0,tcp,private,S0,0,0,0,0,0,0,0,0,0,0,0,0,0,0,0,0,0,0,197,11,1.00,1.00,0.00,0.00,0.06,0.07,0.00,255,11,0.04,0.09,0.00,0.00,1.00,1.00,0.00,0.00,neptune.
0,tcp,private,S0,0,0,0,0,0,0,0,0,0,0,0,0,0,0,0,0,0,0,121,9,1.00,1.00,0.00,0.00,0.07,0.07,0.00,255,9,0.04,0.08,0.00,0.00,1.00,1.00,0.00,0.00,neptune.
0,tcp,private,S0,0,0,0,0,0,0,0,0,0,0,0,0,0,0,0,0,0,0,216,10,1.00,1.00,0.00,0.00,0.05,0.06,0.00,255,10,0.04,0.08,0.00,0.00,1.00,1.00,0.00,0.00,neptune.
0,tcp,private,S0,0,0,0,0,0,0,0,0,0,0,0,0,0,0,0,0,0,0,225,20,1.00,1.00,0.00,0.00,0.09,0.06,0.00,255,20,0.08,0.07,0.00,0.00,1.00,1.00,0.00,0.00,neptune.
0,tcp,private,S0,0,0,0,0,0,0,0,0,0,0,0,0,0,0,0,0,0,0,234,19,1.00,1.00,0.00,0.00,0.08,0.06,0.00,255,19,0.07,0.06,0.00,0.00,1.00,1.00,0.00,0.00,neptune.
0,tcp,private,S0,0,0,0,0,0,0,0,0,0,0,0,0,0,0,0,0,0,0,243,20,1.00,1.00,0.00,0.00,0.08,0.05,0.00,255,20,0.08,0.06,0.00,0.00,1.00,1.00,0.00,0.00,neptune.
0,tcp,private,S0,0,0,0,0,0,0,0,0,0,0,0,0,0,0,0,0,0,0,202,4,1.00,1.00,0.00,0.00,0.02,0.07,0.00,255,4,0.02,0.07,0.00,0.00,1.00,1.00,0.00,0.00,neptune.
0,tcp,echo,S0,0,0,0,0,0,0,0,0,0,0,0,0,0,0,0,0,0,0,211,3,1.00,1.00,0.00,0.00,0.01,0.07,0.00,255,3,0.01,0.08,0.00,0.00,1.00,1.00,0.00,0.00,neptune.